n: 12

l: 1
u: 3
b: 2
o: 5

 0  745  665  929  605  521  370  587  467  670  345  932
745   0   80  337 1090  315  567  712  871  741  129  712
665  80    0  380 1020  257  501  664  808  697   56  222
929 337  380    0 1380  408  622  646  878  732  801  521
605 1090 1020 1380   0 1010  957 1190 1060 1270  433  290
521  315  257  408 1010   0  253  410  557  451  133  671
370  567  501  622  957  253   0  250  311  325   79  143
587  712  664  646 1190  410  250   0  260   86  591   54
467  871  808  878 1060  557  311  260   0  328  512  601
670  741  697  732 1270  451  325   86 328    0  976   81
345  129   56  801  433  133   79  591 512  976    0 1043
932  712  222  521  290  671  143   54 601   81  1043   0
