n: 18

l: 1
u: 3
b: 2
o: 5

 0  745  665  929  605  521  370  587  467  670  345  932   79  321   99  821  111  589
745   0   80  337 1090  315  567  712  871  741  129  712  421   45  303  222  459  712
665  80    0  380 1020  257  501  664  808  697   56  222  944  681  431  519  633  478
929 337  380    0 1380  408  622  646  878  732  801  521 1262  721  709  375  178  109
605 1090 1020 1380   0 1010  957 1190 1060 1270  433  290 1098  301  419  909  520  794
521  315  257  408 1010   0  253  410  557  451  133  671   88  210  221 1433   19   53
370  567  501  622  957  253   0  250  311  325   79  143  124 1012   44   76  551  622
587  712  664  646 1190  410  250   0  260   86  591   54  333  831 1156  122 1089 1452 
467  871  808  878 1060  557  311  260   0  328  512  601  590  351  119  698  328  624
670  741  697  732 1270  451  325   86 328    0  976   81  261  477  601  411  709  789
345  129   56  801  433  133   79  591 512  976    0 1043  783   91  541   80  410  390
932  712  222  521  290  671  143   54 601   81  1043   0 1012  502  376  350  226  236
 79  421  944 1262 1098   88  124  333 590  261  783 1012    0  650   66  901  689  615
321   45  681  721  301  210 1012  831 351  477   91  502  650    0  431 1521   88  963
 99  303  431  709  419  221  44  1156 119  601  541  376   66  431    0  711 1351  467
821  222  519  375  909 1433  76   122 698  411   80  350  901 1521  711    0  952  902
111  459  633  178  520   19  551 1089 328  709  410  226  689   88 1351  952    0 1153
589  712  478  109  794   53  622 1452 624  789  390  236  615  963  467  902 1153    0
